[
  -1001246721240,
  -1001604854981,
  -1001709353064,
  -1001503333931,
  -1001664519273,
  -1001586384321,
  -1001623009023,
  -1001756120045,
  -1001862204920,
  -1001768555030,
  -1001707449288,
  -1001794412364,
  -1001603331006,
  -1001772800401,
  -1001643501192,
  -1001711484215,
  -1001826121113,
  -1001694422230,
  -1001760062334,
  -1001559057202,
  -1001755125564,
  -1001691205528,
  -1001813508225,
  -1001465227332,
  -1001582326010,
  -1001750034421,
  -1001716099230,
  -1001790194105,
  -1001843221003,
  -1001726642217,
  -1001573009006,
  -1001730220055,
  -1001865400122,
  -1001783411008,
  -1001546627799,
  -1001833212111,
  -1001713312005,
  -1001622095566,
  -1001811200095,
  -1001460022145,
  -1001600094221,
  -1001875400331,
  -1001554022227,
  -1001680021500,
  -1001780222320,
  -1001733311133,
  -1001850024555,
  -1001644220007,
  -1001822001118,
  -1001520011451,
  -1001863300732,
  -1001679003100,
  -1001849020031,
  -1001611104531,
  -1001800722009,
  -1001750500110,
  -1001873302789,
  -1001799200440,
  -1001859933210,
  -1001535544660,
  -1001603331208,
  -1001777323333,
  -1001877422001,
  -1001879000120,
  -1001732000099,
  -1001608855400,
  -1001824900344,
  -1001745006001,
  -1001839900003,
  -1001632099991,
  -1001842220000,
  -1001760010033,
  -1001850011180,
  -1001875557201
]
